20210102
20210104
20210106
20210107
20210108
20210109
20210112
20210113
20210116
20210117
20210119
20210121
20210122
20210123
20210125
20210126
20210127
20210128
20210129
20210130
20210131
20210201
20210202
20210207
20210210
20210211
20210212
20210214
20210215
20210216
20210220
20210221
20210223
20210224
20210227
20210228
20210302
20210303
20210304
20210305
20210306
20210307
20210308
20210309
20210310
20210311
20210313
20210314
20210316
20210318
20210319
20210320
20210322
20210323
20210324
20210325
20210327
20210328
20210330
20210331
20210401
20210402
20210408
20210409
20210410
20210411
20210412
20210414
20210415
20210416
20210417
20210419
20210420
20210423
20210424
20210428
20210430
20210501
20210503
20210508
20210509
20210512
20210513
20210514
20210515
20210516
20210518
20210519
20210521
20210522
20210524
20210525
20210526
20210528
20210530
20210531
20210604
20210605
20210607
20210608
20210609
20210610
20210613
20210615
20210617
20210618
20210622
20210623
20210625
20210626
20210628
20210701
20210702
20210703
20210704
20210705
20210706
20210707
20210709
20210710
20210711
20210713
20210714
20210715
20210718
20210719
20210720
20210721
20210722
20210724
20210725
20210726
20210728
20210729
20210730
20210801
20210804
20210805
20210806
20210807
20210808
20210809
20210810
20210813
20210814
20210815
20210816
20210819
20210821
20210824
20210826
20210828
20210830
20210831
20210906
20210907
20210908
20210909
20210911
20210912
20210913
20210914
20210915
20210921
20210922
20210923
20210924
20210926
20210928
20210929
20210930
20211001
20211002
20211003
20211005
20211006
20211007
20211010
20211011
20211013
20211014
20211015
20211016
20211017
20211018
20211020
20211021
20211022
20211024
20211025
20211026
20211029
20211030
20211031
20211101
20211102
20211103
20211104
20211105
20211106
20211107
20211108
20211109
20211110
20211111
20211112
20211113
20211114
20211115
20211116
20211119
20211120
20211121
20211122
20211123
20211124
20211125
20211126
20211127
20211128
20211129
20211201
20211202
20211203
20211204
20211205
20211206
20211207
20211209
20211211
20211214
20211215
20211219
20211220
20211221
20211222
20211225
20211228
20211230
20211231
20220101
20220102
20220105
20220106
20220107
20220109
20220110
20220112
20220113
20220114
20220115
20220118
20220119
20220121
20220122
20220123
20220127
20220131
20220201
20220202
20220203
20220204
20220209
20220210
20220211
20220212
20220213
20220216
20220218
20220219
20220220
20220224
20220226
20220227
20220228
20220301
20220302
20220303
20220304
20220305
20220307
20220308
20220309
20220310
20220311
20220312
20220313
20220314
20220315
20220316
20220317
20220318
20220319
20220320
20220321
20220322
20220323
20220325
20220327
20220328
20220331
20220402
20220405
20220406
20220409
20220410
20220411
20220412
20220413
20220414
20220415
20220416
20220418
20220422
20220426
20220428
20220501
20220502
20220503
20220504
20220505
20220510
20220514
20220515
20220516
20220519
20220520
20220521
20220522
20220525
20220526
20220529
20220530
20220602
20220603
20220606
20220607
20220608
20220609
20220610
20220611
20220612
20220613
20220614
20220615
20220616
20220617
20220618
20220620
20220621
20220624
20220625
20220626
20220627
20220629
20220701
20220702
20220703
20220706
20220708
20220709
20220710
20220711
20220712
20220713
20220715
20220717
20220718
20220719
20220720
20220722
20220723
20220724
20220725
20220727
20220728
20220730
20220731
20220801
20220802
20220806
20220808
20220809
20220810
20220812
20220813
20220815
20220816
20220819
20220821
20220822
20220826
20220828
20220830
20220831
20220901
20220902
20220903
20220905
20220909
20220910
20220911
20220912
20220913
20220914
20220915
20220916
20220917
20220918
20220921
20220922
20220923
20220924
20220926
20220927
20220928
20220929
20220930
20221002
20221003
20221004
20221005
20221006
20221009
20221012
20221013
20221015
20221017
20221018
20221019
20221021
20221023
20221024
20221025
20221026
20221027
20221028
20221029
20221030
20221031
20221104
20221105
20221111
20221112
20221115
20221116
20221117
20221118
20221119
20221120
20221121
20221122
20221126
20221127
20221128
20221130
20221201
20221202
20221204
20221205
20221208
20221209
20221211
20221213
20221214
20221215
20221217
20221218
20221219
20221220
20221221
20221222
20221223
20221224
20221229
20221230